num_jobs 10000000 num_servers 2 seed 0 dist Hyperexp(1.0, 1.0, 1.0)
rho;SRPT;SRPTExcept(0.1);SRPTExcept(0.2);SRPTExcept(0.5);SRPTExcept(1.0);SRPTExcept(1.5);PSJF;RS
0.01;1.9999180076861873;1.999918007686232;1.999918016404929;1.9999181865981865;1.999918314351467;1.9999185039150849;1.9999375488839515;1.9999196508400046
0.05;2.0029613690579007;2.002961448976261;2.002961886027316;2.002973973991725;2.0030039338863204;2.003019903184933;2.0034368459035377;2.003007373211665
0.1;2.012077921674761;2.0120781977386684;2.0120817095309476;2.0121511467787268;2.0123691730151227;2.0124730942429685;2.0141327116547303;2.0123106177098142
0.15;2.026893731430961;2.026894329372584;2.026903416973787;2.027097899150541;2.027753455419344;2.028086723288728;2.0316942823962623;2.027506703611179
0.2;2.047163216034106;2.0471636917677785;2.0471808288344366;2.0475523598784164;2.048909481233518;2.049629456551845;2.0560403712328084;2.048362563053695
0.25;2.073041645005059;2.073040982914812;2.073064818745292;2.073671487279381;2.075997423186478;2.0773465318629647;2.0875120746164737;2.0750501908872314
0.3;2.1049936793545254;2.104991037665677;2.1050208585255588;2.1058916389907103;2.1094392960554877;2.111651800964464;2.12655018828955;2.108092841498806
0.35;2.14372627605684;2.1437206282749726;2.1437467501589853;2.1448696727449073;2.1498789613530325;2.1532058282992894;2.1743239506191796;2.1481684817563362
0.4;2.1900780229955346;2.190068736932437;2.190087723948263;2.191434819256985;2.1981023121106595;2.2028296102728935;2.2317951504009637;2.1961999580653178
0.45;2.2454119203380967;2.2453943512059955;2.2453883826742573;2.2468959829429256;2.2552620765444678;2.2617855531820554;2.300428557299154;2.2535097337670957
0.5;2.3116524797741658;2.311626985884393;2.3115918502899753;2.3131375729310997;2.3231999080314285;2.3317591317149593;2.3829524349390967;2.3222048839256773
0.55;2.39179651735202;2.391756294145762;2.3916719659021797;2.393166817148057;2.4047825959606115;2.4156326597667257;2.4829123691016344;2.4051167576017787
0.6;2.489663864009969;2.489610215819165;2.489453093562047;2.4907367133379927;2.5037061274672046;2.5172009844390817;2.6047918146964686;2.5063652293382375
0.65;2.6114571283847057;2.611383432602361;2.6111339311796784;2.611975176100563;2.625660714268112;2.6419363912126057;2.756213871701913;2.6322248556632584
0.7;2.766961220199939;2.7668670347362787;2.76650236679672;2.7665470047029994;2.780472895911282;2.7995645863655727;2.949236259927866;2.792355388258881
0.72;2.842329942631174;2.8422232824210285;2.8418179213074417;2.8414717951013206;2.8549806152146227;2.875132239118151;3.042271133648015;2.8699846629248613
0.74;2.927335416925542;2.9272215636925787;2.926746572789102;2.9259682350167098;2.938942433328646;2.9599115781881324;3.146878791058985;2.957425038477405
0.76;3.0241264431786568;3.0240049942997307;3.0234807263441006;3.022168267936219;3.0345012710761408;3.056165399224535;3.265794578149722;3.0568056223897284
0.78;3.135767878466884;3.135629149337948;3.1350376390891133;3.1331650796643657;3.1447561170452034;3.167145618440202;3.403139967612762;3.1713364710694756
0.8;3.2658604257051094;3.2657172914003625;3.2650621369643464;3.2626417175725093;3.2730411282344036;3.29598204503353;3.560697691400089;3.3045059768481235
0.82;3.419611899490338;3.419456425084349;3.4187228790702022;3.4156599313892775;3.424737828853473;3.4477795033684933;3.7468805794483058;3.4618755649550317
0.84;3.604887462591343;3.604719889937266;3.6039260418860057;3.600167375043113;3.6074902692902557;3.6305879551514044;3.9694410768025086;3.6510351299890274
0.86;3.8347573178962553;3.8345839010792604;3.833726688181827;3.8291047679575674;3.834134592340391;3.856792173116578;4.2445245912224765;3.8852179045645183
0.88;4.128103561823491;4.127910031540624;4.126987749613811;4.121597014191089;4.123937511092592;4.1450254759419325;4.590624832652216;4.183959296199056
0.9;4.517084408256198;4.5168729353027866;4.51590161948878;4.509752339743726;4.5092951430166215;4.528746103006102;5.044658346433788;4.57847544302558
0.903;4.5871822486225975;4.586981207949747;4.5859878234564695;4.5797723116875275;4.57865778127046;4.597709834769164;5.125484373730794;4.649276350894156
0.906;4.660899980529238;4.66069857790401;4.659703824718888;4.6533427869203985;4.651891650759533;4.670566732184073;5.210267597502539;4.724331410800889
0.91;4.765503274376287;4.765290333057095;4.7642775223943845;4.7577222760089235;4.755383981137869;4.773649131634716;5.333104493255548;4.830280917228915
0.913;4.849431118180206;4.849218491654039;4.848212883973268;4.841508740158005;4.838884360638615;4.856472657656371;5.42974531955396;4.915090840121604
0.916;4.93813719204019;4.937922665131844;4.936902302224907;4.930121829173577;4.926882255564377;4.9439673199859;5.531552619636573;5.0051173843304575
0.92;5.065940984354973;5.065721589002132;5.064675344184774;5.0576840340036515;5.053700249959433;5.06983223996134;5.677691528726959;5.134315401596756
0.923;5.168602324982578;5.168394923951616;5.167328377457959;5.160250146644161;5.155462138489182;5.171151818039131;5.795794451620555;5.238383742199744
0.926;5.278022943423045;5.277808930784154;5.276770667853461;5.269550542499298;5.264357858734616;5.279522756104228;5.922963738770172;5.349210595819847
0.93;5.435749070115754;5.435542694002493;5.434537551247058;5.427191834539482;5.42126677021566;5.435783906812881;6.100688037793656;5.508297660976659
0.933;5.564783410972151;5.564579887125063;5.563529948258364;5.555902449368592;5.549237385344978;5.563142444330541;6.246049124422767;5.638953184141243
0.936;5.703703474137599;5.703481812476;5.702425098127945;5.6946764872837425;5.6875648526137095;5.700510969725884;6.404719836879184;5.779277241057292
0.94;5.907454878075557;5.907241028868676;5.906145308003375;5.898066679754737;5.89033618410355;5.902401457823953;6.635339966349256;5.984395936521595
0.943;6.077060456363584;6.07684878913747;6.075788127303897;6.067626379323106;6.059169649860472;6.0708622809018005;6.825603425333168;6.155188781964699
0.946;6.262233647311567;6.262030821137233;6.260891048631893;6.252523347269961;6.243210919149979;6.254355525196548;7.033896918666277;6.34185475737904
0.95;6.540503513049948;6.540294704249226;6.539165204742105;6.5307737848074625;6.520200175592812;6.530372373588764;7.3410488518789885;6.6235771042729095
0.952;6.69591571669048;6.695715946959262;6.6945717926461095;6.6860672580087686;6.675217195451091;6.6845784089220235;7.517191247154791;6.779589550687188
0.954;6.862041490567051;6.861837547977851;6.860699916890864;6.851949548029063;6.840542058975481;6.849208048819742;7.702834312584005;6.946676860334575
0.956;7.0418576215437625;7.041644403408491;7.040476409321755;7.03162656035268;7.019291536945689;7.027215808115649;7.904573628130457;7.1280360117496535
0.958;7.237099898834078;7.236900473298467;7.23575801028956;7.226967158384608;7.21424066200835;7.221652621711466;8.121208302395173;7.324174176648381
0.96;7.449927796991102;7.449713155472785;7.448604760794085;7.439770702685;7.4264090795795905;7.433021199680072;8.355601364428738;7.539202162296818
0.962;7.682712049333146;7.682499548267308;7.681396643951392;7.672434219803345;7.659032509433439;7.664764043243033;8.608888570855019;7.773349462827179
0.964;7.938301509777092;7.938097713109033;7.936959240928461;7.928049280056951;7.914197217208536;7.919144475917808;8.890688296005749;8.030823811109318
0.966;8.222199555269286;8.221983550756693;8.220820182717834;8.21175269673062;8.197735597085059;8.202205963951572;9.19653481940322;8.315844548756823
0.968;8.533190116222983;8.532969381076052;8.53186364140185;8.522481905911013;8.507946847367117;8.511726984686653;9.54171944548621;8.628207388593612
0.97;8.878243678008447;8.878042101298101;8.87693410409854;8.86779826351334;8.852959293246776;8.856523926402975;9.909643303850517;8.97473196782231
0.972;9.26304067695724;9.262842747995364;9.261729801474303;9.252796881280833;9.237351236008251;9.240524218277232;10.327555169436401;9.361679262809014
0.974;9.696365523588824;9.696168265794176;9.694991842517183;9.685727002635687;9.669203320689393;9.670936261071214;10.796187068886182;9.797312830599624
0.976;10.196986475963199;10.19679892635448;10.195651208317674;10.186524790066665;10.169069471900285;10.168629735937541;11.332632216142004;10.300852743677675
0.978;10.776963039709216;10.77677767570512;10.77573852945368;10.766379417911008;10.74856775483166;10.746764896078849;11.955985457716515;10.883134564297473
0.98;11.465601300103119;11.465401392791742;11.464290702542943;11.454964882739175;11.437279581366468;11.436077588073152;12.689466419199258;11.574977772741736
0.983;12.784193825087215;12.784011577626154;12.782929737234173;12.77364640765049;12.754642180591697;12.752603191201946;14.103371101176458;12.897714635746816
0.986;14.596865254149586;14.596634616552299;14.595518077090633;14.58650188466516;14.565254326482544;14.56174371044972;16.009738722464775;14.715119413074145
0.99;18.49003856985952;18.489873903393917;18.488875378298705;18.47958161820263;18.458389583636226;18.4529957642157;20.078737331013397;18.616116758293803
0.993;24.09278979715346;24.092640252826847;24.091926103759747;24.082923563659598;24.05830779545798;24.051469075830507;25.900815171528578;24.223780865417655
0.996;38.561977621912476;38.56188381587154;38.56139083625845;38.55336878263481;38.52902088718912;38.521678504712575;40.63715012996802;38.702253846833194
